255 255 255 255 255 255 255 255 255 255 255 255 255 255 255 255
255 255 255 255 255 255  25   0   0  33 255 255 255 255 255 255
255 255 255 255   0   0   0   0   0   0   0   0 255 255 255 255
255 255 255   0   0 255 255   0   0 255 255   0   0 255 255 255
255 255   0   0 255 255 255   0   0 255 255 255   0   0 255 255
255 255   0 255 255 255 255   0   0 255 255 255 255   0 255 255
255  25   0   0   0   0   0   0   0   0   0   0   0   0  30 255
255 255 255 255 255   0   0   0   0   0   0 255 255 255 255 255
255 255 255 255 255   0   0   0   0   0   0 255 255 255 255 255
255  32   0   0   0   0   0   0   0   0   0   0   0   0  27 255
255 255   0 255 255 255 255   0   0 255 255 255 255   0 255 255
255 255   0   0 255 255 255   0   0 255 255 255   0   0 255 255
255 255 255   0   0 255 255   0   0 255 255   0   0 255 255 255
255 255 255 255   0   0   0   0   0   0   0   0 255 255 255 255
255 255 255 255 255 255  30   0   0  29 255 255 255 255 255 255
255 255 255 255 255 255 255 255 255 255 255 255 255 255 255 255
255 255 255 255 255 255 255 255 255 255 255 255 255 255 255 255
255 255 255 255 255 255  25   0   0  33 255 255 255 255 255 255
255 255 255 255   0   0   0   0   0   0   0   0 255 255 255 255
255 255 255   0   0 255 255   0   0 255 255   0   0 255 255 255
255 255   0   0 255 255 255   0   0 255 255 255   0   0 255 255
255 255   0 255 255 255 255   0   0 255 255 255 255   0 255 255
255  25   0   0   0   0   0   0   0   0   0   0   0   0  30 255
255 255 255 255 255   0   0   0   0   0   0 255 255 255 255 255
255 255 255 255 255   0   0   0   0   0   0 255 255 255 255 255
255  32   0   0   0   0   0   0   0   0   0   0   0   0  27 255
255 255   0 255 255 255 255   0   0 255 255 255 255   0 255 255
255 255   0   0 255 255 255   0   0 255 255 255   0   0 255 255
255 255 255   0   0 255 255   0   0 255 255   0   0 255 255 255
255 255 255 255   0   0   0   0   0   0   0   0 255 255 255 255
255 255 255 255 255 255  30   0   0  29 255 255 255 255 255 255
255 255 255 255 255 255 255 255 255 255 255 255 255 255 255 255
255 255 255 255 255 255 255 255 255 255 255 255 255 255 255 255
255 255 255 255 255 255  25   0   0  33 255 255 255 255 255 255
255 255 255 255   0   0   0   0   0   0   0   0 255 255 255 255
255 255 255   0   0 255 255   0   0 255 255   0   0 255 255 255
255 255   0   0 255 255 255   0   0 255 255 255   0   0 255 255
255 255   0 255 255 255 255   0   0 255 255 255 255   0 255 255
255  25   0   0   0   0   0   0   0   0   0   0   0   0  30 255
255 255 255 255 255   0   0   0   0   0   0 255 255 255 255 255
255 255 255 255 255   0   0   0   0   0   0 255 255 255 255 255
255  32   0   0   0   0   0   0   0   0   0   0   0   0  27 255
255 255   0 255 255 255 255   0   0 255 255 255 255   0 255 255
255 255   0   0 255 255 255   0   0 255 255 255   0   0 255 255
255 255 255   0   0 255 255   0   0 255 255   0   0 255 255 255
255 255 255 255   0   0   0   0   0   0   0   0 255 255 255 255
255 255 255 255 255 255  30   0   0  29 255 255 255 255 255 255
255 255 255 255 255 255 255 255 255 255 255 255 255 255 255 255

255 255 255 255 253 247 241 244 244 240 247 253 255 255 255 255
255 255 254 240 197 136 106 167 166 104 135 197 240 254 255 255
255 254 230 152  78  46  42 137 136  42  47  77 152 230 254 255
255 240 152  71 105 121  60 135 133  60 123 104  70 152 240 255
253 197  78 105 204 178  68 118 117  69 181 203 104  77 197 253
247 139  70 178 246 186  56  41  41  57 190 246 178  69 138 247
244 143 126 197 222 184 102  77  77 103 186 222 196 125 142 243
236 117  89 102 106  98  80  74  74  80  98 106 102  89 117 235
235 117  89 102 106  98  80  74  74  80  98 106 102  89 117 235
243 141 125 197 222 183 101  76  76 102 186 222 197 125 142 243
247 138  70 178 246 186  56  41  41  57 190 246 179  70 139 247
253 197  77 104 203 177  68 118 117  69 181 204 105  78 197 253
255 239 152  70 104 120  60 135 134  61 123 105  71 152 240 255
255 254 230 152  77  46  42 137 136  42  47  78 152 230 254 255
255 255 254 239 197 135 105 167 166 104 136 197 240 254 255 255
255 255 255 255 253 247 240 244 244 240 247 253 255 255 255 255
255 255 255 255 253 247 241 244 244 240 247 253 255 255 255 255
255 255 254 240 197 136 106 167 166 104 135 197 240 254 255 255
255 254 230 152  78  46  42 137 136  42  47  77 152 230 254 255
255 240 152  71 105 121  60 135 133  60 123 104  70 152 240 255
253 197  78 105 204 178  68 118 117  69 181 203 104  77 197 253
247 139  70 178 246 186  56  41  41  57 190 246 178  69 138 247
244 143 126 197 222 184 102  77  77 103 186 222 196 125 142 243
236 117  89 102 106  98  80  74  74  80  98 106 102  89 117 235
235 117  89 102 106  98  80  74  74  80  98 106 102  89 117 235
243 141 125 197 222 183 101  76  76 102 186 222 197 125 142 243
247 138  70 178 246 186  56  41  41  57 190 246 179  70 139 247
253 197  77 104 203 177  68 118 117  69 181 204 105  78 197 253
255 239 152  70 104 120  60 135 134  61 123 105  71 152 240 255
255 254 230 152  77  46  42 137 136  42  47  78 152 230 254 255
255 255 254 239 197 135 105 167 166 104 136 197 240 254 255 255
255 255 255 255 253 247 240 244 244 240 247 253 255 255 255 255
255 255 255 255 253 247 241 244 244 240 247 253 255 255 255 255
255 255 254 240 197 136 106 167 166 104 135 197 240 254 255 255
255 254 230 152  78  46  42 137 136  42  47  77 152 230 254 255
255 240 152  71 105 121  60 135 133  60 123 104  70 152 240 255
253 197  78 105 204 178  68 118 117  69 181 203 104  77 197 253
247 139  70 178 246 186  56  41  41  57 190 246 178  69 138 247
244 143 126 197 222 184 102  77  77 103 186 222 196 125 142 243
236 117  89 102 106  98  80  74  74  80  98 106 102  89 117 235
235 117  89 102 106  98  80  74  74  80  98 106 102  89 117 235
243 141 125 197 222 183 101  76  76 102 186 222 197 125 142 243
247 138  70 178 246 186  56  41  41  57 190 246 179  70 139 247
253 197  77 104 203 177  68 118 117  69 181 204 105  78 197 253
255 239 152  70 104 120  60 135 134  61 123 105  71 152 240 255
255 254 230 152  77  46  42 137 136  42  47  78 152 230 254 255
255 255 254 239 197 135 105 167 166 104 136 197 240 254 255 255
255 255 255 255 253 247 240 244 244 240 247 253 255 255 255 255

255 255 255 255 253 247 243 235 235 243 247 253 255 255 255 255
255 255 254 240 197 138 142 117 117 142 139 197 240 254 255 255
255 254 230 152  77  69 125  89  89 125  70  78 152 230 254 255
255 240 152  70 104 178 196 102 102 197 179 105  71 152 240 255
253 197  77 104 203 246 222 106 106 222 246 204 105  78 197 253
247 135  47 123 181 190 186  98  98 186 190 181 123  47 136 247
240 104  42  60  69  57 103  80  80 102  57  69  61  42 104 240
244 166 136 133 117  41  77  74  74  76  41 117 134 136 166 244
244 167 137 135 118  41  77  74  74  76  41 118 135 137 167 244
241 106  42  60  68  56 102  80  80 101  56  68  60  42 105 240
247 136  46 121 178 186 184  98  98 183 186 177 120  46 135 247
253 197  78 105 204 246 222 106 106 222 246 203 104  77 197 253
255 240 152  71 105 178 197 102 102 197 178 104  70 152 239 255
255 254 230 152  78  70 126  89  89 125  70  77 152 230 254 255
255 255 254 240 197 139 143 117 117 141 138 197 239 254 255 255
255 255 255 255 253 247 244 236 235 243 247 253 255 255 255 255
255 255 255 255 253 247 243 235 235 243 247 253 255 255 255 255
255 255 254 240 197 138 142 117 117 142 139 197 240 254 255 255
255 254 230 152  77  69 125  89  89 125  70  78 152 230 254 255
255 240 152  70 104 178 196 102 102 197 179 105  71 152 240 255
253 197  77 104 203 246 222 106 106 222 246 204 105  78 197 253
247 135  47 123 181 190 186  98  98 186 190 181 123  47 136 247
240 104  42  60  69  57 103  80  80 102  57  69  61  42 104 240
244 166 136 133 117  41  77  74  74  76  41 117 134 136 166 244
244 167 137 135 118  41  77  74  74  76  41 118 135 137 167 244
241 106  42  60  68  56 102  80  80 101  56  68  60  42 105 240
247 136  46 121 178 186 184  98  98 183 186 177 120  46 135 247
253 197  78 105 204 246 222 106 106 222 246 203 104  77 197 253
255 240 152  71 105 178 197 102 102 197 178 104  70 152 239 255
255 254 230 152  78  70 126  89  89 125  70  77 152 230 254 255
255 255 254 240 197 139 143 117 117 141 138 197 239 254 255 255
255 255 255 255 253 247 244 236 235 243 247 253 255 255 255 255
255 255 255 255 253 247 243 235 235 243 247 253 255 255 255 255
255 255 254 240 197 138 142 117 117 142 139 197 240 254 255 255
255 254 230 152  77  69 125  89  89 125  70  78 152 230 254 255
255 240 152  70 104 178 196 102 102 197 179 105  71 152 240 255
253 197  77 104 203 246 222 106 106 222 246 204 105  78 197 253
247 135  47 123 181 190 186  98  98 186 190 181 123  47 136 247
240 104  42  60  69  57 103  80  80 102  57  69  61  42 104 240
244 166 136 133 117  41  77  74  74  76  41 117 134 136 166 244
244 167 137 135 118  41  77  74  74  76  41 118 135 137 167 244
241 106  42  60  68  56 102  80  80 101  56  68  60  42 105 240
247 136  46 121 178 186 184  98  98 183 186 177 120  46 135 247
253 197  78 105 204 246 222 106 106 222 246 203 104  77 197 253
255 240 152  71 105 178 197 102 102 197 178 104  70 152 239 255
255 254 230 152  78  70 126  89  89 125  70  77 152 230 254 255
255 255 254 240 197 139 143 117 117 141 138 197 239 254 255 255
255 255 255 255 253 247 244 236 235 243 247 253 255 255 255 255

255 255 255 255 253 247 240 244 244 240 247 253 255 255 255 255
255 255 254 240 197 136 104 166 167 105 135 197 239 254 255 255
255 254 230 152  78  47  42 136 137  42  46  77 152 230 254 255
255 240 152  71 105 123  61 134 135  60 120 104  70 152 239 255
253 197  78 105 204 181  69 117 118  68 177 203 104  77 197 253
247 139  70 179 246 190  57  41  41  56 186 246 178  70 138 247
243 142 125 197 222 186 102  76  76 101 183 222 197 125 141 243
235 117  89 102 106  98  80  74  74  80  98 106 102  89 117 235
235 117  89 102 106  98  80  74  74  80  98 106 102  89 117 236
243 142 125 196 222 186 103  77  77 102 184 222 197 126 143 244
247 138  69 178 246 190  57  41  41  56 186 246 178  70 139 247
253 197  77 104 203 181  69 117 118  68 178 204 105  78 197 253
255 240 152  70 104 123  60 133 135  60 121 105  71 152 240 255
255 254 230 152  77  47  42 136 137  42  46  78 152 230 254 255
255 255 254 240 197 135 104 166 167 106 136 197 240 254 255 255
255 255 255 255 253 247 240 244 244 241 247 253 255 255 255 255
255 255 255 255 253 247 240 244 244 240 247 253 255 255 255 255
255 255 254 240 197 136 104 166 167 105 135 197 239 254 255 255
255 254 230 152  78  47  42 136 137  42  46  77 152 230 254 255
255 240 152  71 105 123  61 134 135  60 120 104  70 152 239 255
253 197  78 105 204 181  69 117 118  68 177 203 104  77 197 253
247 139  70 179 246 190  57  41  41  56 186 246 178  70 138 247
243 142 125 197 222 186 102  76  76 101 183 222 197 125 141 243
235 117  89 102 106  98  80  74  74  80  98 106 102  89 117 235
235 117  89 102 106  98  80  74  74  80  98 106 102  89 117 236
243 142 125 196 222 186 103  77  77 102 184 222 197 126 143 244
247 138  69 178 246 190  57  41  41  56 186 246 178  70 139 247
253 197  77 104 203 181  69 117 118  68 178 204 105  78 197 253
255 240 152  70 104 123  60 133 135  60 121 105  71 152 240 255
255 254 230 152  77  47  42 136 137  42  46  78 152 230 254 255
255 255 254 240 197 135 104 166 167 106 136 197 240 254 255 255
255 255 255 255 253 247 240 244 244 241 247 253 255 255 255 255
255 255 255 255 253 247 240 244 244 240 247 253 255 255 255 255
255 255 254 240 197 136 104 166 167 105 135 197 239 254 255 255
255 254 230 152  78  47  42 136 137  42  46  77 152 230 254 255
255 240 152  71 105 123  61 134 135  60 120 104  70 152 239 255
253 197  78 105 204 181  69 117 118  68 177 203 104  77 197 253
247 139  70 179 246 190  57  41  41  56 186 246 178  70 138 247
243 142 125 197 222 186 102  76  76 101 183 222 197 125 141 243
235 117  89 102 106  98  80  74  74  80  98 106 102  89 117 235
235 117  89 102 106  98  80  74  74  80  98 106 102  89 117 236
243 142 125 196 222 186 103  77  77 102 184 222 197 126 143 244
247 138  69 178 246 190  57  41  41  56 186 246 178  70 139 247
253 197  77 104 203 181  69 117 118  68 178 204 105  78 197 253
255 240 152  70 104 123  60 133 135  60 121 105  71 152 240 255
255 254 230 152  77  47  42 136 137  42  46  78 152 230 254 255
255 255 254 240 197 135 104 166 167 106 136 197 240 254 255 255
255 255 255 255 253 247 240 244 244 241 247 253 255 255 255 255
